[gd_scene load_steps=8 format=3 uid="uid://328r55wmh212"]

[ext_resource type="Script" uid="uid://dsi06joej0qc1" path="res://scenes/shop.gd" id="1_1l46r"]
[ext_resource type="PackedScene" uid="uid://dhqg3n2eai7s8" path="res://models/shelf/modern_low-poly_shelf2.glb" id="1_lx5au"]
[ext_resource type="PackedScene" uid="uid://13ib0erktel4" path="res://charms/frog.tscn" id="2_2fc2m"]
[ext_resource type="PackedScene" uid="uid://ctpuphr5l1185" path="res://models/lamp/old_rusty_table_lamp.glb" id="2_xfvoa"]
[ext_resource type="PackedScene" uid="uid://dve1ei15wdhvl" path="res://charms/green_apple.tscn" id="3_8r1wq"]
[ext_resource type="PackedScene" uid="uid://clmasof76vxyu" path="res://charms/screaming_george.tscn" id="4_8r1wq"]
[ext_resource type="PackedScene" uid="uid://1bd5k2edo6tm" path="res://scenes/reroll_button.tscn" id="7_ajxib"]

[node name="shop" type="Node3D"]
script = ExtResource("1_1l46r")
charm_pool = Array[PackedScene]([ExtResource("2_2fc2m"), ExtResource("3_8r1wq"), ExtResource("4_8r1wq")])

[node name="Sketchfab_Scene" parent="." instance=ExtResource("1_lx5au")]
transform = Transform3D(1, 0, 0, 0, 1, 0, 0, 0, 1, 13.596801, -4.338789, -15.707603)

[node name="Sketchfab_Scene2" parent="." instance=ExtResource("2_xfvoa")]
transform = Transform3D(0.5591929, 0, -0.82903755, 0, 1, 0, 0.82903755, 0, 0.5591929, 3.37, -1.228, 3.634)

[node name="SpotLight3D" type="SpotLight3D" parent="."]
transform = Transform3D(0.975951, 0.089785814, -0.19864088, 0.2179901, -0.40197498, 0.88932353, -2.1458362e-08, -0.911238, -0.41188022, 0.15972325, 1.3256468, -0.80474925)
light_color = Color(1, 1, 0.8392157, 1)
light_energy = 7.61
spot_range = 2.615
spot_angle = 56.69

[node name="Level2" type="Node3D" parent="."]

[node name="Slot1" type="Marker3D" parent="Level2"]
transform = Transform3D(1, 0, 0, 0, 1, 0, 0, 0, 1, 0.169, -0.17329878, 0.7)

[node name="Slot2" type="Marker3D" parent="Level2"]
transform = Transform3D(1, 0, 0, 0, 1, 0, 0, 0, 1, 0.169, -0.17329878, 0.3681593)

[node name="Slot3" type="Marker3D" parent="Level2"]
transform = Transform3D(1, 0, 0, 0, 1, 0, 0, 0, 1, 0.169, -0.17329878, 0.0031582639)

[node name="Slot4" type="Marker3D" parent="Level2"]
transform = Transform3D(1, 0, 0, 0, 1, 0, 0, 0, 1, 0.169, -0.17329878, -0.4)

[node name="Level3" type="Node3D" parent="."]
transform = Transform3D(1, 0, 0, 0, 1, 0, 0, 0, 1, 0, 0.4653623, 0)

[node name="Slot1" type="Marker3D" parent="Level3"]
transform = Transform3D(1, 0, 0, 0, 1, 0, 0, 0, 1, 0.169, -0.137, 0.7)

[node name="Slot2" type="Marker3D" parent="Level3"]
transform = Transform3D(1, 0, 0, 0, 1, 0, 0, 0, 1, 0.169, -0.137, 0.4)

[node name="Slot3" type="Marker3D" parent="Level3"]
transform = Transform3D(1, 0, 0, 0, 1, 0, 0, 0, 1, 0.169, -0.137, 0.1)

[node name="Slot4" type="Marker3D" parent="Level3"]
transform = Transform3D(1, 0, 0, 0, 1, 0, 0, 0, 1, 0.169, -0.137, -0.2)

[node name="reroll_button" parent="." instance=ExtResource("7_ajxib")]
transform = Transform3D(0.86730534, 0, -0.49777648, 0, 1, 0, 0.49777648, 0, 0.86730534, 0.3522786, 0, -0.7354317)
