[gd_scene load_steps=6 format=3 uid="uid://328r55wmh212"]

[ext_resource type="PackedScene" uid="uid://dhqg3n2eai7s8" path="res://models/shelf/modern_low-poly_shelf2.glb" id="1_lx5au"]
[ext_resource type="PackedScene" uid="uid://ctpuphr5l1185" path="res://models/lamp/old_rusty_table_lamp.glb" id="2_xfvoa"]
[ext_resource type="PackedScene" uid="uid://dr5yt86wdrf0p" path="res://models/frog/jobba_the_brawler_frog.glb" id="3_032fp"]
[ext_resource type="PackedScene" uid="uid://coxbstnwkxtl4" path="res://models/screaming_george/face_decorative_screaming_statue_3dscan.glb" id="4_2fc2m"]
[ext_resource type="PackedScene" uid="uid://lpdo74xl6s1b" path="res://models/green apple/green_apple_fbx.glb" id="5_2fc2m"]

[node name="shop" type="Node3D"]

[node name="Sketchfab_Scene" parent="." instance=ExtResource("1_lx5au")]
transform = Transform3D(1, 0, 0, 0, 1, 0, 0, 0, 1, 13.596801, -4.338789, -15.707603)

[node name="Sketchfab_Scene2" parent="." instance=ExtResource("2_xfvoa")]
transform = Transform3D(0.5591929, 0, -0.82903755, 0, 1, 0, 0.82903755, 0, 0.5591929, 3.37, -1.228, 3.634)

[node name="SpotLight3D" type="SpotLight3D" parent="."]
transform = Transform3D(0.975951, 0.089785814, -0.19864088, 0.2179901, -0.40197498, 0.88932353, -2.1458362e-08, -0.911238, -0.41188022, 0.15972325, 1.3256468, -0.80474925)
light_color = Color(1, 1, 0.8392157, 1)
light_energy = 7.61
spot_range = 2.615
spot_angle = 56.69

[node name="Sketchfab_Scene3" parent="." instance=ExtResource("3_032fp")]
transform = Transform3D(-0.188187, 0, 0.9821332, 0, 1, 0, -0.9821332, 0, -0.188187, 0.40287066, 0.29253995, 0.18964598)

[node name="Sketchfab_Scene6" parent="." instance=ExtResource("3_032fp")]
transform = Transform3D(-0.188187, 0, 0.9821332, 0, 1, 0, -0.9821332, 0, -0.188187, 0.40287066, 0.29253995, -0.09672254)

[node name="Sketchfab_Scene7" parent="." instance=ExtResource("3_032fp")]
transform = Transform3D(-0.188187, 0, 0.9821332, 0, 1, 0, -0.9821332, 0, -0.188187, 0.40287066, 0.43989637, 0.40501285)

[node name="Sketchfab_Scene8" parent="." instance=ExtResource("3_032fp")]
transform = Transform3D(-0.188187, 0, 0.9821332, 0, 1, 0, -0.9821332, 0, -0.188187, 0.40287066, -0.046360344, 0.37987953)

[node name="Sketchfab_Scene9" parent="." instance=ExtResource("3_032fp")]
transform = Transform3D(-0.188187, 0, 0.9821332, 0, 1, 0, -0.9821332, 0, -0.188187, 0.40287066, -0.055437475, -0.39904052)

[node name="Sketchfab_Scene4" parent="." instance=ExtResource("4_2fc2m")]
transform = Transform3D(0.08587796, 0, 0.59382236, 0, 0.6, 0, -0.59382236, 0, 0.08587796, 0.15451789, 0.22126418, -0.4978654)

[node name="Sketchfab_Scene5" parent="." instance=ExtResource("5_2fc2m")]
transform = Transform3D(1, 0, 0, 0, 1, 0, 0, 0, 1, 0.24526042, -0.1450769, 0.22390771)
